10.4390199141297 3.25567253567318 1
10.3493497101427 4.72219235481767 1
11.4218443572806 6.8410572119827 1
9.39075674302748 15.6009849661065 1
10.3632326249738 3.19386972258266 1
11.3447944063833 11.9465859909667 1
10.0546884056418 2.80499333161575 1
9.59480860864615 7.96955649489062 1
9.57067596223963 6.39341821691754 1
9.90512801304982 3.97577979453833 1
9.88015181713411 11.9068564948122 1
8.81692043016203 2.80725319960035 1
11.0966001599868 1.54746262697673 1
10.3249883003354 1.02165337005811 1
9.66730562825713 0.993390248729643 1
10.9462840848744 4.23422204426891 1
10.038180604798 6.2522459074849 1
10.167367707165 2.74853216745262 1
10.6443418773951 4.43176335586887 1
10.7469512400404 2.48941201238457 1
8.9820845150687 0.723377213800157 1
10.0267898414102 0.73979288103956 1
9.96830650649465 5.62325396078811 0
10.6900729207604 7.11415047493991 1
10.8652415963012 15.8261347636383 1
9.41803400398632 3.56401824542467 1
9.61366604376728 7.54594046019128 1
10.0966938271157 7.90373719991361 1
9.53263451377384 2.98870973533249 0
9.00113875463462 2.29560374628409 1
8.88825112102101 6.64053259504514 1
9.74816681433336 4.80162243084473 1
10.8127989608537 5.67504714266598 1
9.73662557541745 3.2015669517047 1
9.29530105008656 5.31387707658004 1
10.0944177342816 7.17814882353973 1
10.4949859085442 3.10319725576262 1
10.1921318744152 7.91969839039607 1
10.5751783104601 17.2732611853981 1
9.22193949371616 4.69761721538038 0
9.4521413753495 2.09485407829198 1
10.4101431250491 3.78157129669626 1
10.6539284871897 11.2378164614373 0
9.18807345495958 2.76906966728176 1
10.5464778631719 1.4812357825379 1
10.9624067288298 3.46225179518578 1
10.1511129472885 2.08795738848148 1
9.68924483106421 1.63724443173035 1
9.52242061243773 1.55857601161264 1
9.61094995108833 1.90569261332263 1
10.6497956125681 1.88512062820707 1
9.98992986980494 9.07075922695586 1
9.26546303656355 3.25322258949609 1
10.2978330603223 8.36999462844617 1
10.1375724080327 9.5326237568913 1
9.83267854949604 8.24707069724329 1
10.3530754720124 3.16752962178814 1
8.86900386357533 2.46250297536475 1
9.81176277757898 3.39655753478226 1
9.9914928499362 5.97903694757183 1
9.91834526404649 5.92097341874858 1
9.85167303590778 8.75461571638914 1
11.046986273885 6.29704008753132 1
8.98678833466674 8.30945552707645 1
10.7341921394391 0.680263160616415 1
10.5965202283776 2.84979313337509 1
10.4305636795138 2.89487297088065 1
11.1716338209164 3.24558311982317 1
9.91565150877863 8.71259003207007 1
9.90273691344702 11.2286220760759 1
9.90071978124704 8.51717777368546 1
9.36985065846594 4.46865742524713 1
9.97760261090588 6.26936719079198 1
9.92722040449507 6.84344106798704 1
10.0868800776452 9.82996465772272 1
10.2453249489308 4.84106529775839 1
10.5118649553178 5.01374243145077 1
10.0578773364587 5.07034339407307 1
9.47643355361633 6.14073552286048 1
10.3848836953297 7.74151263702176 1
9.87568351913239 5.2697189616009 1
8.67098141989272 8.53458762533959 1
9.16454877648721 1.89155707364652 1
10.7041918807292 2.46325498926296 1
9.68607494740995 3.43732744959131 1
9.76879534391372 0.770763881538452 1
9.05683904672571 3.73830316660964 1
9.6098092046232 4.5383368885028 1
9.38592009686593 13.7726460720834 1
9.95322871945046 5.30935651425969 1
9.2114770680976 8.71124016386396 1
9.59779529754309 4.56564505852833 0
9.78293728186638 1.60713637953167 1
9.58216997310135 4.51580678110188 1
9.61569610920235 1.27864389438056 1
11.1652806361709 6.63627039439327 1
8.56205367493954 5.01813822285027 1
9.02888863656429 7.46351480324754 0
8.83754365467276 10.0687656295597 1
9.62256322020953 1.7261528698962 0
10.6858344339294 12.6380074044215 1
10.6722609630799 4.33111390766346 1
9.58168290018429 6.02865035502799 1
9.08401768290488 1.13775853015501 1
8.15539613353592 5.60213793581389 1
9.24592695594477 3.36200492186789 1
10.1691379402995 3.18956908678043 1
9.29985357420786 9.98517452312139 1
10.1759058974025 3.67473767476407 1
9.49108669608297 12.2541137336742 1
8.66248273508366 2.7509400690564 1
10.6730957441234 5.16180219190108 1
9.64909466716918 3.22386141705472 1
10.3731031375102 9.60991809085975 1
9.22846100180316 4.81984014596117 1
9.25356481119132 1.22386871997164 1
10.448649693652 11.9563173305967 1
10.8555474119458 1.17919496471562 1
8.50971686887519 3.76692359442412 1
10.4490045085804 2.05784811114244 1
8.81412766940825 8.17022283589998 1
9.89731435135026 2.73338328876802 1
10.385521684065 8.2530057381651 1
8.66512759096193 1.13684554560875 1
10.6839842221121 5.31041641331976 1
9.22232633338626 2.31339289204871 1
9.77038856211011 4.34775097648558 1
10.0171374093521 4.48352579729265 0
8.81956038771137 2.98071745447057 1
9.94078700063753 4.00469580460889 1
9.85177051616722 9.15242655163379 1
10.2773051608114 9.54097981616587 1
8.87285523218784 5.26768447633903 1
9.63957448512568 2.43806360313288 1
9.6357852977425 8.85933044960562 1
8.80689046169445 2.82703698616756 1
9.80814493659917 3.09740455975945 1
9.81997764582965 2.4956160023597 1
9.39426215056045 1.84784780708812 1
8.97847547019996 9.42940046687587 1
10.7336492158386 4.2770711109061 1
9.69296976653303 2.74839082422272 1
10.5319940529648 1.77978186550364 1
10.3314503863512 1.38037370573003 1
10.1590028936748 5.75284510424725 1
10.2602185977821 6.921350680531 1
10.9301753474815 8.92424643382989 1
9.20676542789225 5.38545292688024 1
9.35309239442184 2.20638852202305 1
10.724496426511 7.08904641910943 1
9.40803605333779 2.8533807108431 1
10.3736654291504 2.65469439395569 1
10.5315230183421 2.05894121202059 1
10.3031351052812 1.26275792632789 1
9.24486395727506 1.46152679029101 1
11.0874714705672 2.2311873407182 1
9.92930462081874 3.35816845979551 1
9.52406316892537 5.21445641966966 1
9.07037021763784 2.39035224784706 1
10.3140888759677 2.80384755488637 1
10.6798912707563 3.07282040172993 1
10.2488994054357 1.81475370861929 1
12.5618105245156 1.31702151656287 1
9.8362337609122 1.71110027237761 1
9.68075128501233 8.18403983406931 1
10.9267621476279 3.85579555252448 1
9.69335082917287 6.85422854102086 1
9.99164726011492 2.81703447899314 1
10.0804323021155 7.58574801250507 1
10.6763750322303 4.56549515679356 1
8.4206138108607 10.6560087748006 1
8.55409848620379 1.24694397384721 1
11.6892989534549 1.82013498093773 1
9.8127421696993 6.58319109330782 0
9.79251644332426 4.60660553727323 1
10.2320863515324 6.98951610062964 1
9.16575233697017 2.26848988962157 1
9.92674844699994 4.60854404412245 1
8.95354193293859 2.98547516488076 1
9.64815269303705 1.32754328758822 1
9.10423321510514 2.58875334328331 1
10.2664679021969 4.93185682591161 1
10.6235255284909 7.38346917743826 1
9.50817552436866 7.17861661569452 1
10.237256572199 4.7124689324809 1
9.04865238679495 4.14868013163292 1
11.4469250443406 7.78317112522087 1
8.96290122509113 4.92233854093153 1
10.5073764631941 2.35069034967723 1
10.1598402092636 5.03249731881073 1
10.1055995514368 2.64431092234953 1
9.80808452636516 8.09286715370868 1
8.51384970752736 4.99996014289188 1
9.84824167724216 6.20159415745348 1
11.8054888694144 3.44156520273347 1
10.2943731864819 1.64600100936791 1
10.0160145826134 8.51565822936662 1
10.6253244253656 5.59905198106232 1
10.8512335861283 2.71574072393563 1
11.2823955842241 5.07431581114516 1
9.68814071467487 3.56632095846647 1
10.0827967361531 4.71624990168462 1
9.33308183467036 13.9253741240575 1
10.4800915276853 4.80806010899795 1
11.0398087995018 6.80350965447119 1
9.13720486161118 7.9935454297051 1
9.37775587887397 3.37521273898621 1
9.62905308532211 5.63533018676736 1
10.2629694335106 5.60342427812049 1
10.2391009960071 4.90371315602187 1
8.95667266481424 1.75532492143973 1
9.98140247480352 4.39763840450712 1
10.8206427390937 0.508688558379134 1
9.90307600202603 6.79803286077185 1
10.7811042604629 0.278860030927427 1
10.4339155747582 2.59121829494847 1
8.86541591662961 12.8933096586364 1
8.91861688908307 10.161504762546 1
10.0071566141682 14.1286810110447 1
9.83873222762645 5.62445402325801 1
10.4816904141402 1.86166850033483 1
9.84871368913175 7.36214184139486 1
9.74406274878789 10.1552670279674 1
9.52284995549343 1.37669097676013 1
10.0735016831054 0.578376272119558 1
9.50408507140045 3.76767799347214 1
10.0821020214136 2.87114303907327 1
10.0716435026167 4.80161230649439 1
9.51687396488495 4.69616103134133 1
10.6335167915533 4.45472762695575 1
10.6287287450655 3.32393227382505 1
9.21587081182902 2.13146314653362 1
10.0413871127222 3.82251488915405 1
9.28502252691738 1.29746131852014 1
10.9490525877707 2.76332251417783 1
10.2083540843774 5.10061724664152 1
9.72258000127338 2.93664614073592 1
8.82463565594252 4.36820848477535 1
8.92584499698381 1.54624942805298 1
8.58152496892099 4.12383503061592 1
10.1783698781055 5.80806030288753 0
9.98303876313052 8.13825824262068 1
10.2565846997354 0.86117115928547 1
10.5601765867089 4.00956505060271 1
9.89772043804448 7.55082818288422 1
10.434369101218 1.11755810405803 1
11.13272585276 2.35247944835582 1
9.2930791342506 20.3574274887493 1
10.8649361246046 0.27855209525412 1
11.234706733674 3.13164862856219 1
